
The command exited with code 0.
Output:
<truncated 48 lines>
+62643830373263653561386538316530663839343963323735343563643761306133323461323538
+31373565333662303432346531336462656433336635383866393538643832646437663130356334
+64333562633432303934396565323838636537323239613339636461653832326137373763663737
+62626235623462663964663931396366636537643031616133353133656238343931376531613237
+36636133613430626663636338396539313732303236393161373964663063383466653863353538
+35383733643339636464343230613636373136633739366630303764633439396134633037383331
+65343065303633386430366434376134353764643539653432313133313166346536666366383636
+65343163343365353161363036316634636439353033383163303433653336346437643636396533
+38393362356666393833663239343262616631376230333634343337336233303336656134393237
+34383137626239383438346663616431626336333161636639646130303065633130373431353064
+66373639313634336166653436643237623335396461616561353462626339656433643366373031
+36373134363937386365323235666266636661343733646366656331313839336435363634623532
+37626661383238633339313865383864316439663961646166353038396136653866346635303561
+66363431393435306162363762383064333461643230373765393131336466356266616661626537
+33376566316634656166653365333236643766646563386662366534366138313039313934363233
+38623562636230336432663436343162313633346664323330613239353663646466666265663930
+31346163343162363065383936343636396363316666346339316561336236623164323134623338
+64666331663664323031343831643431326534353664616564313532393138643231323462373663
+34643231653865663235643837386235316365376331393063666564393630613538356232666432
+32663732613439616134333165373361363536333730356161326134386332383065633362393133
+32633137396332373261393466326165633361303736343962316430346633326632326134666536
+33643938646138393232396263613734376133393132663937363264366634393331363836343232
+65393661663465356331636161353966376132646431376138613063386534393730303263616138
+37336139373831313530393136336637376561643162386338303964633132623232333737363334
+33346661316564393164323962353963656539313362373033356336346538336561623964313535
+39636264646464326634653733636564366465653631313035333565373036626532663137666166
+33376337323435613632663065656132656538386338613139313036326461303264626632323637
+31333263363366326431396663663332346266363330343866643135343336326334386539323866
+61383365616362623530613262323963383438636564633731383066613434663432386532303438
+61633835653236386239306665643036626639366335663030623837366538393261303462336630
+30386161323964353431393338333062623130326266643435383664613561306465366438313039
+30666663353139323131303835663733613464356133653466646438616535326364613731633432
+36343065643366303463313335326633336137356336373239393833393331393832333765333938
+37613964643463626130656663303838366663326433306438303039313066353039343434333135
+33323938393364646561336332643632386239396237643138316135383535326133383863393133
+32323562333037336661623663613732343838333433633462313161393538393465303865303663
+30316135323932323037346438306338656162623131616164333965373130333038323963636339
+33383462323330646138663564643063363832666230336632376561643664653765353263393133
+65373632366234333734383233643931363064366561386632326633646235383136643363623635
+33383131353136633035396262333037656566383264663436313135333334333664383565376235
+65653866393861666233653539636361646665396466313937393332646539663736323239343139
+65393639336637383538653766313764663539626161353966353863326163613465336231363132
+34346238313063643563386566626638623836343966623638613138383465376466376261373365
+63616539366263303535623764646162623130343261353137616638323231613239343135623266
+62393862333135346434633863633564666537306239343862363563646630383462623433373762
+32353330653431656633363963366434343266373737663738316337333464376531303234626637
+63633334383865336336653265663737333266336331343939656633633137313837613063383338
+66633639326438323063383236656437623832666230303163393961366363343330643363653664
+34623134393238353165306165316530376164333232313965643234396533386638303530643835
+65306538616633346562303333323562366235323233643833303064653137316534623239636537
+36396436396534303032616661306564643238383133343864386161326130363539333237646130
+35643733396261633439343066633338303062393465653336666135663164656661616535386636
+34363166633834303337623634353635333634333938316161636164663939313261373634336333
+39643131383533363137643130636539346266626235633362393364636437363237616130316562
+66636530636163383863346630623736313161666534353231633235383461656431306330633839
+66396664333766613231616333326532353637363635323631613935303537613833323363396436
+61626236643631343466323232356339383261643139303065303930656565633930616337363437
+66626438613539353663333666313132316462613561363031393462356439353236326231306639
+63656534393638313235386637393063653037613136376137353231383662393630316663356338
+33346533663334363639626231663862343538613135373366636463633161396437656236363436
+31643462373036366663316366376662616332643031336561373735323833386532626536623366
+65393431343066326630643464396361303033316666333462363439386430653131356430643935
+36623266656339326565326565363836323638323630356339336531323061633962313932666332
+64643236663838383736396365383535326538366166626536336637636535643030633834363134
+32303032666562376630336234633234383636396539313363383238626635653933303837653536
+30323530393938313361353064336137626530663837343436623733326337323834633432313735
+33626238623532663963353235663431623937386631306566316133343633333938616361323832
+30366630323636343334633061303762643833386236316365626661356439393331393863656633
+32306337653438623664316436336561313330663561383762303836316137333961376437323639
+30653463353165623934373830613333396462316635313963653538376236613131383530336338
+33613835376461653361353762636330663635636531393335373339396637373933643536636639
+39343938356633663535303834333866666434353130643938386363383232666437373365616263
+33356537626334373432363565383530323963336566393139313639626234663664363664656536
+37626465623939666534613536373264626231306638323762623330366135656634353230613334
+66653035653739626432646137626263356336643539373433383165613235636233653761396262
+32616231323232353032306531646637613431323863386633666234376331653837353036616136
+65653662356339666361666163376261323839643436343266656363373837653830363566363162
+35343033663763363833326531616232653863643632626233393666643163303331623365363233
+30306438626665336637336134633364386366356361393132303637623163616165376466346262
+61323333333834353835313165323364316138366538363631326662316239646361616332376561
+61386436666232353439623339353461346530666663616164356532383239313762363761343334
+65383638616539316536366638653766663730366532383662303964396165633461643663343065
+33353038343935383235313361353864333331623462303334633439383566653137666430613937
+63383333343634633239616262363936306537306131386633656536633037633932333636656132
+62613536623937363334386162323961346234616139636633396266656535363638643532303231
+34306466336230323632386638633739383330636332353866316639363536633162396664303431
+30383830386332613434663765623961313562343665396434333162633266666335393534336161
+34333636303130303434383461353763653038376461353039636130323261383139393866366566
+62323835326564653235333435643632616332656562363039306631663338343165656633386636
+64313964633163373334333030646663613333323730303230343261663765326236656636313762
+33353665356335346564393734343830653731646165343763636235643636366133306466663634
+34316239613030376666346162303531376365656235626337643765643936636431383464386131
+63373962666263346539393933333837393839303963363031666638393264356666643236656235
+35616365353934343165353337626234343836336565663964363462363532333861666332623465
+66336635616231353737333635333036663732333134613863353861393038616661616134666433
+33376364623137393639626265643864633333363939623639613931323566393764666638323632
+32353036316632383464336131643732346165376335666463613965613962386363613930633863
+64376263356638393565653563653537393934333663626632333734383063343636383739646431
+32616131383930653864

