
The command exited with code 0.
Output:
<truncated 166 lines>
+31383735393363626266383237333935636337306362646130653931363461366538333135383838
+66376463636138616632376534653564386435343166626666303330316430633063623130366665
+65616666353864316133656139303931343636626163366638313430376563653834303561636234
+39623266613036633561346333303838373431376438626434366337383939366430326235303834
+33643532663361643330623637376536396231643234623735646166353466386535643761303864
+32323832313566626361306139646239326261333232313330373865303261666535656262366135
+34303536313737396534613635303834333462613365326331343330623234353965376235666238
+39306135613534633639333830623961323733303365623339396230393139356630316365336132
+66343031613663663462326631613939323062366235373864336233656563393663626265376130
+39623837613230393537386534373436643335343133343334376338613835353266343931656532
+65393538383736353031373766393762356263366238303937346564343966306164643761316162
+65383265376261386531386230663937626337313266313734353765306439356465383234383961
+62336432383066376439633263613166336332396330366666616537366630356464656662353464
+31643665326661363933356265313164386230326565353431643837383563636130366437666362
+37333730646631313861373763366262646261636231323337613065313661663735383038373632
+64666536366534613562336562376132323035376130336162643763353264353264353734653530
+32393561353235623530363535623433353363346435323138356463313535303330376237666462
+35353938633336363834316136623432303163613136386438336537336565303633646266366338
+30363465643830613032653562336532666266363137326166633230363662353963636365353230
+61633031616632396331666563666533336663626531623738623736366533666231303365376365
+62356263613335643962356231633236306536313539373036363439646236653335353161353336
+36313566386362613934346463313362323566306331383466393132363231303936313863633039
+39323962363061323366616439626131353037613662663566336365626437376337316133323062
+63656362306563656265303061333933326161343535336338393361363533393365306165356463
+34633166316363653030303464386337386435396430633130343564383065336635363666396365
+37313035393233313630366465386263306263303563303337343937336433373063633461396366
+33656261353863383462343334633238663766346538666231613834316261323464343163323462
+37656464613265653933653232653265333962336230393264616639646664373861346231333436
+37653465303835346431303132396533633763346263613565306432653338313237613164633366
+31343532636266643138393364626137663932333730616531393731653938663835353730653539
+33623730386564636638663164316136663930626262386262396239613161636331393237373933
+39356264373663343035663532653933646233326263346263613039356136643364366434353435
+33326661623962316533363366346532373931343530643063396133316466393631383261666132
+64663563303061383465396237373964643831623631393264363261343765363836333738643135
+64626131386437333066663037393733623534373562353736643562643431333038656337373930
+31373831633233313561353061616263396436336435353363663366366232633166646466636236
+33306362313538373636613365323038633464633161303535643230356230616261353164303731
+62346339626562363532303937343631336361656365366431306133653639373035643663633030
+34656637353139373032313934633162613238643232633832626133393636323964353731653230
+36333961323262336538633665623430313237616533613863643139373039393335656237343533
+65643836333238663335656431316566383338373061616630323533373665653136613531383335
+39346263326364353465656264316565303962396261313066623631363332613037366435633131
+37663438656636316232653036633366366531303463303132363964633864383937626464663038
+62393832653537333963376465626332326132376336353633653462366466393162376166356663
+32633065656331383538393664303261356235653266343234626133643766626265613339373736
+38633438363064396434326134653133333533316365366437626263666662623038613862636531
+31303064303738376633393739333932626632393731616530373664353232613235653366633463
+32613166636137326639653338343061643065333262343132353038643032333733633630623838
+64666534613462653434643335623166323238613865616334323261386230626331303030666539
+32313838373239313661383061653663323961343439326230633439633434373466366561316537
+35363862316262633364383765356638613037393163353236666433656134383735363932663538
+38353838343132643766666265336335316530663463313635323636303438373239333636383965
+34313638343261623534373563633837366137363865323236633762633665626135373436336330
+63313535636166653936616263656230346131643538306435326665303937383733393262353764
+32626363326536663138343938336534666534376164346162333437383739393766616638346437
+37643238336630666263383737613530653236333035653261373362383666313935323530323362
+32363165386632373664623731646339396137336330393864393565383464383062346437373439
+61346463333638343732356237653035633838323731666362393733366636303832393561306264
+33383266623930633531376330363639653930313633613463343032343066646339656635376366
+63383339363339623165626339333438626230373537376366343337656562306631623938626132
+63393331656632303166666532626435313333613138363064306562303730633235313265333235
+62646131353832303034323639396363386134643462396264383262363235613562326338343237
+38656437333266623230626137303464616439643964666539366162666233363531336361613532
+35646438333565646332386566353238636535383730653238366233633065356366386461666538
+33636231356533643536386438383865643537656165656361393732663762353561353831393966
+61373231623439366337393539336237633439653266616334316564383832643331613035353434
+65623362613831626566623664613261353932376234663339643930303736613565616662613065
+33343362373565336635633433623535633365313432366432393335333737636365303836316562
+62653565333063623632666365663964393737346237343366626238663565653462643563626461
+64323035396630663365366537653666346166306339326662336437343738326364663061353539
+34353062366433656630663763333234323061613135653030306433303733356564633366376139
+61303131383432393838636436373137633533373533626634613931616637366263633030373234
+34643630626565633435636431326633366266396533343536353930343832396661663133373261
+38623132346138353965656531653131363533323963376638386266373930396137653963373935
+37386136643666393636636562373239303937373662623430613233333533656366303232613661
+33396230363932643466613166303566383965336634333037343134623662646261343537623664
+32613135393537653731356336303131353739643061323865643235303663363233616133643439
+30326434636638643133323266363133336235323639356437623533616262623234646533656339
+31643835373936356664313333386138383838633533653033646630633863646162386432383531
+35393633636161623130323933636333336461343039643962393566393133653261343834323831
+62316331326163326131376533323863653436666333356336376633613361303730393532666233
+64373034666134303239393234616165623437363330353633313139376335633837633566323663
+32373539393438383932656461353438343362343464333364306236373035643933636531346266
+64313131313466326238633862316566323961393464333936366263303931336666663362316562
+62663636306465663135613865383934643662663838393030303863373138396465333133323035
+30386162316632303033386162333432333334343363323033386533333461333633636364356430
+35616330336565346362363535383030633931323166663830326630303034326536633132323634
+37353131383066376461646161323363326238353237623262326664626665303738633564623561
+31663763306162396534343061316165393233633736616530323231663662653163656165653066
+35333865353539366532616266616438323437643530663565643264613937663666636235373063
+62656533646137336164373363663939366461313765326531323534306364346131346638636239
+64373232346230393264343737633562616563613761626364343936623165623630623839336364
+64363537383265336164303662393337626634343539663739636635393065313038306665643362
+66343363373639313837633762643436653938356537616138633963343239653164623234343965
+63303865376661373738356433653165366230343530633136383461316633623433383939323863
+63313835333639613762633133356266373830323265373637386333333631363238313765613830
+66356138306532626365313566303939316235383934383339666139666134613666336133316662
+30663934363934373936303331613930653564343538333066663164613132363038

